1
3000
1796 347 47
631 1812 20
4342 1479 0
4238 4366 36
492 4750 9
2388 3177 34
1908 610 5
1884 3849 20
516 4799 44
2735 2439 35
2128 3589 34
3453 2270 17
2668 159 43
915 3327 24
2077 235 11
196 4009 49
1318 2794 24
4807 1520 6
81 1863 4
489 2770 17
174 87 4
484 4210 26
2545 4648 23
4338 2803 43
2306 4669 30
1642 832 42
4394 2637 22
3984 420 45
2782 3118 9
134 1618 7
4839 909 44
2259 2911 14
948 1763 22
1444 3686 4
4368 480 37
3653 1833 17
795 161 16
3448 4468 19
4872 1385 27
4471 801 48
2185 4775 45
1086 1052 15
1332 2529 29
4753 3271 36
1380 3618 22
1980 2875 27
4891 3439 22
4482 4343 30
3395 870 25
2226 2675 35
1248 1325 0
4433 1247 8
3621 1800 19
1844 1743 40
18 1377 8
2815 674 43
1773 126 5
1867 2737 30
4197 2359 43
1490 2423 6
4150 2527 7
3277 1866 45
1760 3041 20
4932 2682 3
4974 3795 4
2884 4373 23
4581 4808 43
2050 2241 43
471 3425 14
4386 1556 21
3336 4222 1
785 2178 34
3625 1411 20
2560 3923 30
4097 2494 15
2824 1137 7
3350 3351 32
2929 71 7
4421 1872 11
1552 2042 16
2323 3657 29
3896 421 9
3587 1512 32
4366 2397 26
4004 816 4
4393 1014 34
4139 376 45
3133 2708 38
735 4834 21
943 4924 30
2775 2928 21
971 849 37
4175 575 26
1052 2599 41
4475 3391 20
2099 4473 16
2821 2828 18
4132 4054 49